000000000000000000000000000000000000000000000000000000000000000000000000000000000000000000000000000000000000000000000000000000000000000000000000000000000000000000000000000000000000000000000000000000000000000000000000000000000000000000000000000000000000000000000000000000000000000000000000000000000000000000000000000000000000000000000000000000000000000000000000000000000000000000000000000011000001101100100011011000100011010000111000
000000000000000000000000000000000000000000000000000000000000000000000000000000000000000000000000000000000000000000000000000000000000000000000000000000000000000000000000000000000000000000000000000000000000000000000000000000000000000000000000000000000000000000000000000000000000000000000000000000000000000000000000000000000000000000000000000000000000000000000000000000000000000000000000000011000001101100100011011000100011010000111000
000000000000000000000000000000000000000000000000000000000000000000000000000000000000000000000000000000000000000000000000000000000000000000000000000000000000000000000000000000000000000000000000000000000000000000000000000000000000000000000000000000000000000000000000000000000000000000000000000000000000000000000000000000000000000000000000000000000000000000000000000000000000000000000000000011000001101100100011011000100011010000111000
000000111100000000000000000000000000000000000000000000000000000000000000000000000000000000111111111111100000000000000111111110000000000000000000000000000000000000000000001111000000000000000000000000000000000000000000000000000000000000000000000000000000000000000000000000000000000000000000000000000000000000000000000000000000000000000000000000000000000000000000000000000000000000000000000011000001101100100011011000100011010000111000
000000111100000000000000000000000000000000000000000000000000000000000000000000000000000000111111111111110000000000000111111111000000000000000000111111111000000000000011111111100000000000011111000000000000111111111111110000000000000111100000000000000000001110000000000000000000000000000000000000000111111111100000000000000000000000000000000000000000000000000000000000000000000000000000000011000001101100100011011000100011010000111000
000000111100000000000000000000000000000000000000000000000000000000000000000000000000000000111111111111110000000000000111111111000000000000000001111111111000000000001111111111100000000001111111111000000000111111111111110000000000111111111100000000000001111111100000000000000000000000000000000000000111111111111000000000000000000000000000000000000000000000000000000000000000000000000000000011000001101100100011011000100011010000111000
000000111100000000000000000000000000000000000000000000000000000000000000000000000000000000111000000000000000000000000000001110000000000000000111111110000000000000011111110000000000000011111111111000000000111111111111110000000000111111111110000000000011111111111000000001111000000000000000000000000111111111111110000000000000000000000000000000000000000000000000000000000000000000000000000011000001101100100011011000100011010000111000
000011111111000000000000111100000000000000000000000000000000000000000000000000000000000000111000000000000000000000000000000110000000000000000111110000000000000000111111000000000000000111110001111100000000111100000000000000000001111100011110000000000111100011111000000001111000000000000000000000000111110001111110000000000000000000000000000000000000000000000000000000000000000000000000000011000001101100100011011000100011010000111000
000011111111000000000000111100000000000000000000000000000000000000000000000000000000000000110000000000000000000000000000000110000000000000001111000000000000000000111100000000000000000111100000111100000000111000000000000000000001111000001110000000000111000001111100000000111000000000000000000000000111100000011110000000000000000000000000000000000000000000000000000000000000000000000000000011000001101100100011011000100011010000111000
001111000011110000000011111100000000000000000000000000000000000000000000000000000000000000110000000000000000000000000000001110000000000000001110000000000000000001111000000000000000001111000000011110000000111000000000000000000001110000000110000000001110000000111100000000111000000000000000000000000111000000001110000000000000000000000000000000000000000000000000000000000000000000000000000011000001101100100011011000100011010000111000
001111000011110000000011111100000000000000000000000000000000000000000000000000000000000000110000000000000000000000000000001110000000000000011100000000000000000001110000000000000000001110000000011110000000111000000000000000000001110000000110000000001110000000011100000001111000001110000000000000000111000000001110000000000000000000000000000000000000000000000000000000000000000000000000000011000001101100100011011000100011010000111000
001111000000000000111111111100000000000000000000000000000000000000000000000000000000000000111000000000000000000000000000001110000000000000011100000000000000000001110000000000000000000000000000011110000000111000000000000000000001110000000110000000000000000000011100000001111000001110000000000000000111000000001110000000000000000000000000000000000000000000000000000000000000000000000000000011000001101100100011011000100011010000111000
001111000000000000111111111100000000000000000000000000000000000000000000000000000000000000111000000000000000000000000000001110000000000000011100000000000000000001110000000000000000000000000000011100000000111000000000000000000000110000001110000000000000000000011100000001111000001110000000000000000111000000001110000000000000000000000000000000000000000000000000000000000000000000000000000011000001101100100011011000100011010000111000
000011110000000000000000111100000000000000000000000000000000000000000000000000000000000000111001111110000000000000000000001110000000000000011100000000000000000001110011110000000000000000000000111100000000111111111100000000000000111000001110000000000000000000111100000001111000001110000000000000000111000000011110000000000000000000000000000000000000000000000000000000000000000000000000000011000001101100100011011000100011010000111000
000011110000000000000000111100000000000000000000000000000000000000000000000000000000000000111111111111000000000000000000001110000000000000011111111110000000000001111111111100000000000000000001111100000000111111111110000000000000111111111100000000000000000011111000000000110000001110000000000000000111111111111100000000000000000000000000000000000000000000000000000000000000000000000000000011000001101100100011011000100011010000111000
000000111100000000000000111100000000000000000000000000000000000000000000000000000000000000111111111111000000000000000000001110000000000000011111111111100000000001111111111110000000000000011111110000000000111111111111100000000000111111111100000000000000000111110000000000110000001110000000000000000111111111111100000000000000000000000000000000000000000000000000000000000000000000000000000011000001101100100011011000100011010000111000
000000111100000000000000111100000000000000000000000000000000000000000000000000000000000000111000000000000000000000000000001110000000000000011111111111110000000011111100111111000000000000111111100000000000111100000111100000000001111000011110000000000000111111100000000001110000001110000000000000000111111111111100000000000000000000000000000000000000000000000000000000000000000000000000000011000001101100100011011000100011010000111000
000000001111000000000000111100000000000000000000000000000000000000000000000000000000000000110000000000000000000000000000001110000000000000011100000001111000000011110000001111000000000011111110000000000000000000000011110000000011110000001111000000000001111111000000000001110000001110000000000000000111000000111100000000000000000000000000000000000000000000000000000000000000000000000000000011000001101100100011011000100011010000111000
000000001111000000000000111100000000000000000000000000000000000000000000000000000000000000110000000000000000000000000000001110000000000000011100000000111000000011100000000111000000000111111000000000000000000000000001110000000011100000000111000000000111110000000000000001110000001110000000000000000111000000011110000000000000000000000000000000000000000000000000000000000000000000000000000011000001101100100011011000100011010000111000
000000000011110000000000111100000000000000000000000000000000000000000000000000000000000000110000000000000000000000000000001110000000000000011100000000111000000011100000000011000000000111100000000000000000000000000001110000000011100000000111000000000111100000000000000001111000001110000000000000000111000000001110000000000000000000000000000000000000000000000000000000000000000000000000000011000001101100100011011000100011010000111000
000000000011110000000000111100000000000000000000000000000000000000000000000000000000000000110000000000000000000000000000001110000000000000011100000000111000000011100000000011000000001111000000000000000000000000000001110000000011100000000111000000001111000000000000000001111100011111100000000000000111000000001110000000000000000000000000000000000000000000000000000000000000000000000000000011000001101100100011011000100011010000111000
001111000011110000000000111100000000000000000000000000000000000000000000000000000000000000110000000000000000000000000000001110000000000000011100000000111000000011110000000111000000001111000000000000000000000000000001110000000011100000000111000000001110000000000000000001111111111111110000000000000111000000001110000000000000000000000000000000000000000000000000000000000000000000000000000011000001101100100011011000100011010000111000
001111000011110000000000111100000000000000000000000000000000000000000000000000000000000000111000000000000000000000000000001110000000000000011110000001111000000011110000001111000000001111000000000000000000000000000001110000000011110000001111000000001110000000000000000000111111111111110000000000000111000000001110000000000000000000000000000000000000000000000000000000000000000000000000000011000001101100100011011000100011010000111000
000011111111000000000000111100000000000000000000000000000000000000000000000000000000000000111000000000000000000000000000011111000000000000011111000011110000000011111100011111000000001111000000000000000000000000000011110000000011110000011111000000011110000000000000000000000000001110000000000000000111000000011110000000000000000000000000000000000000000000000000000000000000000000000000000011000001101100100011011000100011010000111000
000011111111000000000000111100000000000000000000000000000000000000000000000000000000000000111111111111100000000000000111111111111110000000001111111111110000000001111111111110000000001111111111111110000000011100011111100000000001111111111110000000011110000000000000000000000000001110000000000000000111000000111110000000000000000000000000000000000000000000000000000000000000000000000000000011000001101100100011011000100011010000111000
000000111100000000000000000000000000000000000000000000000000000000000000000000000000000000111111111111110000000000001111111111111110000000000111111111100000000000111111111110000000001111111111111110000000111111111111100000000001111111111110000000011111111111111100000000000000001110000000000000000111111111111100000000000000000000000000000000000000000000000000000000000000000000000000000011000001101100100011011000100011010000111000
000000111100000000000000000000000000000000000000000000000000000000000000000000000000000000111111111111110000000000001111111111111110000000000011111111000000000000001111111000000000001111111111111110000000111111111110000000000000011111111100000000011111111111111100000000000000001110000000000000000111111111111100000000000000000000000000000000000000000000000000000000000000000000000000000011000001101100100011011000100011010000111000
000000111100000000000000000000000000000000000000000000000000000000000000000000000000000000000000000000000000000000000000000000000000000000000000000000000000000000000001110000000000001111111111111110000000111111111100000000000000001111100000000000011111111111111100000000000000001110000000000000000111111111100000000000000000000000000000000000000000000000000000000000000000000000000000000011000001101100100011011000100011010000111000
000000111100000000000000000000000000000000000000000000000000000000000000000000000000000000000000000000000000000000000000000000000000000000000000000000000000000000000000000000000000000000000000000000000000000000000000000000000000000000000000000000001111111111111100000000000000001110000000000000000110000000000000000000000000000000000000000000000000000000000000000000000000000000000000000011000001101100100011011000100011010000111000
000000000000000000000000000000000000000000000000000000000000000000000000000000000000000000000000000000000000000000000000000000000000000000000000000000000000000000000000000000000000000000000000000000000000000000000000000000000000000000000000000000000000000000000000000000000000000000000000000000000000000000000000000000000000000000000000000000000000000000000000000000000000000000000000000011000001101100100011011000100011010000111000
000000000000000000000000000000000000000000000000000000000000000000000000000000000000000000000000000000000000000000000000000000000000000000000000000000000000000000000000000000000000000000000000000000000000000000000000000000000000000000000000000000000000000000000000000000000000000000000000000000000000000000000000000000000000000000000000000000000000000000000000000000000000000000000000000011000001101100100011011000100011010000111000
000000000000000000000000000000000000000000000000000000000000000000000000000000000000000000000000000000000000000000000000000000000000000000000000000000000000000000000000000000000000000000000000000000000000000000000000000000000000000000000000000000000000000000000000000000000000000000000000000000000000000000000000000000000000000000000000000000000000000000000000000000000000000000000000000011000001101100100011011000100011010000111000
000000000000000000000000000000000000000000000000000000000000000000000000000000000000000000000000000000000000000000000000000000000000000000000000000000000000000000000000000000000000000000000000000000000000000000000000000000000000000000000000000000000000000000000000000000000000000000000000000000000000000000000000000000000000000000000000000000000000000000000000000000000000000000000000000011000001101100100011011000100011010000111000
000000000000000000000000000000000000000000000000000000000000000000000000000000000000000000000000000000000000000000000000000000000000000000000000000000000000000000000000000000000000000000000000000000000000000000000000000000000000000000000000000000000000000000000000000000000000000000000000000000000000000000000000000000000000000000000000000000000000000000000000000000000000000000000000000011000001101100100011011000100011010000111000
000000000000000000000000000000000000000000000000000000000000000000000000000000000000000000000000000000000000000000000000000000000000000000000000000000000000000000000000000000000000000000000000000000000000000000000000000000000000000000000000000000000000000000000000000000000000000000000000000000000000000000000000000000000000000000000000000000000000000000000000000000000000000000000000000011000001101100100011011000100011010000111000
